616f6c66
203a2074
78383025
0000000a
3f9d70a4
403eb852
fffffcc4
fffffbc4
fffffbc4
fffffbc0
fffffbcc
fffffbcc
fffffb74
fffffbc0
fffffbcc
fffffb74
fffffbcc
fffffbc0
fffffca8
fffffca8
fffffca8
fffffb74
02020100
03030303
04040404
04040404
05050505
05050505
05050505
05050505
06060606
06060606
06060606
06060606
06060606
06060606
06060606
06060606
07070707
07070707
07070707
07070707
07070707
07070707
07070707
07070707
07070707
07070707
07070707
07070707
07070707
07070707
07070707
07070707
08080808
08080808
08080808
08080808
08080808
08080808
08080808
08080808
08080808
08080808
08080808
08080808
08080808
08080808
08080808
08080808
08080808
08080808
08080808
08080808
08080808
08080808
08080808
08080808
08080808
08080808
08080808
08080808
08080808
08080808
08080808
08080808
