00000748
00000830
00000830
00000830
00000830
00000830
00000830
00000830
00000830
00000830
00000830
000007a0
000006f0
00000830
000007f8
00000830
00000830
00000830
00000830
00000830
00000830
00000830
00000830
00000830
00000830
00000830
00000830
000007c4
00000830
000006f0
00000830
00000830
00000748
4cbebc20
6c696166
74612073
0a642520
00000000
53534150
00214445
3f800000
bf800000
00000f1c
00000f1c
00000f40
00000f14
00000f14
00000fa8
00000f40
00000f14
00000fa8
00000f14
00000f40
00000f10
00000f10
00000f10
00000fa8
02020100
03030303
04040404
04040404
05050505
05050505
05050505
05050505
06060606
06060606
06060606
06060606
06060606
06060606
06060606
06060606
07070707
07070707
07070707
07070707
07070707
07070707
07070707
07070707
07070707
07070707
07070707
07070707
07070707
07070707
07070707
07070707
08080808
08080808
08080808
08080808
08080808
08080808
08080808
08080808
08080808
08080808
08080808
08080808
08080808
08080808
08080808
08080808
08080808
08080808
08080808
08080808
08080808
08080808
08080808
08080808
08080808
08080808
08080808
08080808
08080808
08080808
08080808
08080808
