00000748
00000830
00000830
00000830
00000830
00000830
00000830
00000830
00000830
00000830
00000830
000007a0
000006f0
00000830
000007f8
00000830
00000830
00000830
00000830
00000830
00000830
00000830
00000830
00000830
00000830
00000830
00000830
000007c4
00000830
000006f0
00000830
00000830
00000748
4cbebc20
6c696166
74612073
0a642520
00000000
3a555043
2e642520
000a6425
616f6c66
25203a74
00000a66
3f800000
bf800000
f91e646f
40ad9ae3
d377e1b9
406ba32d
000010ac
000010ac
000010d0
000010a0
000010a0
00001194
000010d0
000010a0
00001194
000010a0
000010d0
0000109c
0000109c
0000109c
00001194
00001584
00001584
000015a8
0000157c
0000157c
00001610
000015a8
0000157c
00001610
0000157c
000015a8
00001578
00001578
00001578
00001610
02020100
03030303
04040404
04040404
05050505
05050505
05050505
05050505
06060606
06060606
06060606
06060606
06060606
06060606
06060606
06060606
07070707
07070707
07070707
07070707
07070707
07070707
07070707
07070707
07070707
07070707
07070707
07070707
07070707
07070707
07070707
07070707
08080808
08080808
08080808
08080808
08080808
08080808
08080808
08080808
08080808
08080808
08080808
08080808
08080808
08080808
08080808
08080808
08080808
08080808
08080808
08080808
08080808
08080808
08080808
08080808
08080808
08080808
08080808
08080808
08080808
08080808
08080808
08080808
