00000000
00003dfc
00003e64
00003ecc
00000000
00000000
00000000
00000000
00000000
00000000
00000000
00000000
00000000
00000000
00000000
00000000
00000000
00000000
00000000
00000000
00000000
00000000
00000000
00000000
00000000
00000000
00000000
00000000
00000000
00000000
00000000
00000000
00000000
00000000
00000000
00000000
00000000
00000000
00000000
00000000
00000000
00000000
00000001
00000000
abcd330e
e66d1234
0005deec
0000000b
00000000
00000000
00000000
00000000
00000000
00000000
00000000
00000000
00000000
00000000
00000000
00000000
00000000
00000000
00000000
00000000
00000000
00000000
00000000
00000000
00000000
00000000
00000000
00000000
00000000
00000000
00000000
00000000
00000000
00000000
00000000
00000000
00000000
00000000
00000000
00000000
00000000
00000000
00000000
00000000
00000000
00000000
00000000
00000000
00000000
00000000
00000000
00000000
00000000
00000000
00000000
00000000
00000000
00000000
00000000
00000000
00000000
00000000
00000000
00000000
00000000
00000000
00000000
00000000
00000000
00000000
00000000
00000000
00000000
00000000
00000000
00000000
00000000
00000000
00000000
00000000
00000000
00000000
00000000
00000000
00000000
00000000
00000000
00000000
00000000
00000000
00000000
00000000
00000000
00000000
00000000
00000000
00000000
00000000
00000000
00000000
00000000
00000000
00000000
00000000
00000000
00000000
00000000
00000000
00000000
00000000
00000000
00000000
00000000
00000000
00000000
00000000
00000000
00000000
00000000
00000000
00000000
00000000
00000000
00000000
00000000
00000000
00000000
00000000
00000000
00000000
00000000
00000000
00000000
00000000
00000000
00000000
00000000
00000000
00000000
00000000
00000000
00000000
00000000
00000000
00000000
00000000
00000000
00000000
00000000
00000000
00000000
00000000
00000000
00000000
00000000
00000000
00000000
00000000
00000000
00000000
00000000
00000000
00000000
00000000
00000000
00000000
00000000
00000000
00000000
00000000
00000000
00000000
00000000
00000000
00000000
00000000
00000000
00000000
00000000
00000000
00000000
00000000
00000000
00000000
00000000
00000000
00000000
00000000
00000000
00000000
00000000
00000000
00000000
00000000
00000000
00000000
00000000
00000000
00000000
00000000
00000000
00000000
00000000
00000000
00000000
00000000
00000000
00000000
00000000
00000000
00000000
00000000
00000000
00000000
00000000
00000000
00000000
00000000
00000000
00000000
00000000
00000000
00000000
00000000
00003f38
00003f38
00003f40
00003f40
00003f48
00003f48
00003f50
00003f50
00003f58
00003f58
00003f60
00003f60
00003f68
00003f68
00003f70
00003f70
00003f78
00003f78
00003f80
00003f80
00003f88
00003f88
00003f90
00003f90
00003f98
00003f98
00003fa0
00003fa0
00003fa8
00003fa8
00003fb0
00003fb0
00003fb8
00003fb8
00003fc0
00003fc0
00003fc8
00003fc8
00003fd0
00003fd0
00003fd8
00003fd8
00003fe0
00003fe0
00003fe8
00003fe8
00003ff0
00003ff0
00003ff8
00003ff8
00004000
00004000
00004008
00004008
00004010
00004010
00004018
00004018
00004020
00004020
00004028
00004028
00004030
00004030
00004038
00004038
00004040
00004040
00004048
00004048
00004050
00004050
00004058
00004058
00004060
00004060
00004068
00004068
00004070
00004070
00004078
00004078
00004080
00004080
00004088
00004088
00004090
00004090
00004098
00004098
000040a0
000040a0
000040a8
000040a8
000040b0
000040b0
000040b8
000040b8
000040c0
000040c0
000040c8
000040c8
000040d0
000040d0
000040d8
000040d8
000040e0
000040e0
000040e8
000040e8
000040f0
000040f0
000040f8
000040f8
00004100
00004100
00004108
00004108
00004110
00004110
00004118
00004118
00004120
00004120
00004128
00004128
00004130
00004130
00004138
00004138
00004140
00004140
00004148
00004148
00004150
00004150
00004158
00004158
00004160
00004160
00004168
00004168
00004170
00004170
00004178
00004178
00004180
00004180
00004188
00004188
00004190
00004190
00004198
00004198
000041a0
000041a0
000041a8
000041a8
000041b0
000041b0
000041b8
000041b8
000041c0
000041c0
000041c8
000041c8
000041d0
000041d0
000041d8
000041d8
000041e0
000041e0
000041e8
000041e8
000041f0
000041f0
000041f8
000041f8
00004200
00004200
00004208
00004208
00004210
00004210
00004218
00004218
00004220
00004220
00004228
00004228
00004230
00004230
00004238
00004238
00004240
00004240
00004248
00004248
00004250
00004250
00004258
00004258
00004260
00004260
00004268
00004268
00004270
00004270
00004278
00004278
00004280
00004280
00004288
00004288
00004290
00004290
00004298
00004298
000042a0
000042a0
000042a8
000042a8
000042b0
000042b0
000042b8
000042b8
000042c0
000042c0
000042c8
000042c8
000042d0
000042d0
000042d8
000042d8
000042e0
000042e0
000042e8
000042e8
000042f0
000042f0
000042f8
000042f8
00004300
00004300
00004308
00004308
00004310
00004310
00004318
00004318
00004320
00004320
00004328
00004328
00004330
00004330
